
Algieria42008054 2381740 1 6 5
Angola30774205 1246700 1 1 4
Benin11485674 112760 1 6 2
Botswana2333201 566730 0 2 5
BurkinaFaso 19751651 273600 0 4 1
Burundi11216450 25680 0 3 1
Czad15353184 1259200 0 2 2
Demokratyczna Republika Konga84004989 2267050 0 1 3
D¿ibuti971408 23180 1 3 1
Egipt99375741 995450 1 7 4
Erytrea5187948 101000 1 3 1
Etiopia107534882 1000000 0 2 2
Gabon2067561 257670 1 4 6
Gambia2163765 10120 1 3 1
Ghana29463643 227540 1 4 3
Gwinea13052608 245720 1 2 2
Gwinea Bissau1907268 28120 1 2 1
Gwinea Równikowa1313894 28050 1 2 6
Kamerun24678234 472710 1 2 3
Kenia50950879 569140 1 5 3
Komory832348 1861 1 5 2
Kongo 5399895 341500 1 2 1
Lesotho2263010 30360 0 1 3
Liberia4853516 96320 1 1 1
Libia6470956 1759540 1 6 2
Madagaskar26262810 581765 1 3 1
Malawi19164728 94280 0 1 1
Mali19107706 1220190 0 2 2
Maroko36191805 446300 1 9 4
Mauretania4540068 1030700 1 2 3
Mauritius1268315 2030 1 6 6
Mozambik30528673 786380 1 1 1
Namibia2587801 823290 1 2 5
Niger22311375 1266700 0 2 2
Nigeria195875237 910770 1 1 4
Po³udniowa Afryka5739841 1219912 1 2 5
Republika Œrodkowoafrykañska4737423 622980 0 1 1
Republika Zielonego Przyl¹dka499796 4033 1 5 4
Rwanda12501156 24670 0 2 2
Senegal16294270 192530 1 8 2
Seszele95235 460 1 8 7
Sierra Leone7719729 72180 1 1 1
Somalia15181925 627340 1 2 1
Suazi1391385 17200 0 2 4
Sudan41511526 1765048 0 4 3
Sudan Po³udniowy12919053 610952 0 4 3
Tanzania59091392 885800 1 3 2
Togo7990926 54390 1 3 1
Tunezja11659174 155360 1 8 4
Uganda44270563 199810 0 3 2
Wybrze¿e Koœci S³oniowej24905843 318000 1 4 3
Wyspy Œwiêtego Tomasza i Ksiê¿yca208818 960 1 4 3
Zambia17609178 786380 0 1 3
Zimbabwe16913261 386850 0 3 2