
Antigua i Barbuda103050 440 1 6 7 0
Argentyna44688864 2736690 1 7 6 1 
Bahamy399285 10010 1 6 7 0
Barbados286388 430 1 8 7 0
Belize382444 22810 1 7 5 0
Boliwia11215674 1083300 0 5 4 0
Brazylia210867954 8511965 1 4 6 0
Chile18197209 743532 1 9 7 1
Dominika74308 750 1 9 6 0
Dominikana10882996 48320 1 8 5 0
Ekwador16863425 248360 1 5 5 0
Grenada108339 340 1 6 6 0
Gujana782225 196850 1 4 5 0
Gwatemala17245346 107160 1 7 4 0
Haiti11112945 27560 1 7 2 0
Honduras9417167 111890 1 4 3 0
Jamajka2898677 10830 1 8 5 0
Kanada36953765 9093510 1 9 8 1
Kolumbia49464683 1109500 1 9 5 0
Kostaryka4953199 51060 1 9 6 0
Kuba11489082 106440 1 9 2 0
Meksyk130759074 1943950 1 7 6 0
Nikaragua6284757 120340 1 7 3 0
Panama4162618 74340 1 6 6 0
Paragwaj6896908 397300 0 8 5 0
Peru32551815 1280000 1 4 5 0
Saint Kitts i Nevis55850 260 1 6 7 0
Saint Lucia179667 610 1 7 6 0
Saint Vincent i Grenadyny110200 390 1 7 6 0
Salwador6411558 20720 1 5 4 0
Stany Zjednoczone326766748 9147420 1 9 8 1
Surinam568301 156000 1 5 6 0
Trynidad i Tobago1372598 5130 1 7 7 0
Urugwaj3469551 175020 1 7 7 0
Wenezuela32381221 882050 1 8 5 0