
Afganistan36373176 652860 0 2 1 1
Albania2934363 27400 1 8 5 1
Andora76953 470 0 10 7 1
Arabia Saudyjska33554343 2149690 1 9 7 0
Armenia2934152 28470 0 5 4 1
Austria8751820 82409 0 10 8 1
Azerbejd¿an9923914 82658 1 8 5 1
Bahrajn1566993 760 1 8 7 0
Bangladesz166368149 130170 1 6 3 0
Belgia11498519 30528 1 9 8 1
Bhutan817054 38117 0 4 4 1
Bia³oruœ9452113 202910 0 7 5 1
Boœnia i Hercegowina3503554 51000 0 6 5 1
Brunei434076 5270 1 9 8 0
Bu³garia7036848 108560 1 5 6 1
Chiny1415045928 9388211 1 3 6 1
Chorwacja4164783 55960 1 8 6 1
Cypr1189085 9240 1 9 7 1
Czarnogóra629219 13450 1 5 6 1
Czechy10625250 77240 0 8 7 1
Dania5754356 42430 1 9 8 1
Estonia1306788 42390 1 7 7 1
Filipiny106512074 298170 1 8 4 0
Finlandia5542517 303890 1 9 8 1
Francja65233271 547557 1 10 8 1
Grecja11142161 128900 1 10 7 0
Gruzja3907131 69490 1 5 4 1
Hiszpania46397452 498800 1 10 7 1
Holandia17084459 33720 1 10 8 1
Indie 1354051854 2973190 1 5 3 0
Indonezja266794980 1811570 1 6 4 0
Irak39339753 434320 1 5 5 0
Iran82011735 1328550 1 6 5 1
Irlandia4803748 68890 1 10 8 1
Islandia337780 100250 1 10 8 0
Izrael8452841 21640 1 9 8 1
Japonia127185332 364555 1 10 8 1
Jemen28915284 527970 1 5 3 0
Jordania9903802 88780 0 6 4 1
Kambod¿a16245729 176520 1 2 3 0
Katar2694849 11610 1 8 8 0
Kazachstan18403860 2699700 0 7 6 1
Kirgistan6132932 191800 0 3 3 1
Korea Po³udniowa51164435 97230 1 8 7 1
Korea Pó³nocna26610672 120410 1 2 7 1
Kuwejt4197128 17820 1 8 8 0
Laos6961210 230800 1 2 3 0
Liban6093509 10230 1 6 6 0
Lichtenstein38155 160 0 10 0 1
Litwa2876475 62674 1 7 7 1
Luksemburg590321 2590 0 10 8 1
£otwa1929938 62200 1 5 7 1
Macedonia2085051 25220 0 6 5 1
Malediwy444259 300 1 3 6 0
Malezja32042458 328550 1 8 6 0
Malta432089 320 1 10 7 0
Mjanma53855735 653290 1 1 3 0
Mo³dawia4041065 32850 0 5 3 1
Monako38897 2 1 10 8 0
Mongolia3121772 1553560 0 3 4 1
Nepal29624035 143350 0 3 2 1
Niemcy82293457 348560 1 9 8 1
Norwegia5353363 365268 1 10 8 1
Oman4829946 309500 1 10 7 0
Pakistan200813818 770880 0 4 3 0
Polska38104832 306230 1 8 7 1
Portugalia10291196 91590 1 10 7 0
Rosja143964709 16376870 1 6 6 1
Rumunia19580634 230170 1 6 6 1
San Marino33557 61 0 10 0 1
Serbia8762027 87460 0 5 5 1
Singapur5791901 700 1 10 8 0
S³owacja5449816 48088 0 7 7 1
S³owenia2081260 20140 1 9 7 1
Sri Lanka20950041 62710 1 7 4 0
Syria18284407 183630 1 5 1 1 
Szwajcaria8544034 39516 0 10 8 1
Szwecja9982709 410340 1 9 8 1
Tad¿ykistan9107211 139960 0 3 3 1
Tajlandia69183173 510890 1 8 5 1
Timor Wschodni1324094 14870 1 4 3 0
Turcja81916871 769630 1 7 6 0
Turkmenistan5851466 469930 0 3 5 1
Ukraina44009214 579320 1 7 4 1
Uzbekistan32364996 454355 0 5 4 1
Watykan800 1 0 10 0 1
Wêgry9688847 90530 0 7 7 1
Wielka Brytania63742977 244820 1 10 8 1
Wietnam96491146 310070 1 3 3 0
W³ochy59290969 294140 1 10 7 1
Rzym9541615 83600 1 8 8 0